2 7 5 3 1 9 4 8 6
3 1 9 4 8 6 2 7 5
4 8 6 2 7 5 3 1 9
9 4 8 6 2 7 5 3 1
6 2 7 5 3 1 9 4 8
5 3 1 9 4 8 6 2 7
1 9 4 8 6 2 7 5 3
8 6 2 7 5 3 1 9 4
7 5 3 1 9 4 8 6 2
2 7 5 3 1 9 4 8 6
3 1 9 4 8 6 2 7 5
4 8 6 2 7 5 3 1 9
9 4 8 6 2 7 5 3 1
6 2 7 5 3 1 9 4 8
5 3 1 9 4 8 6 2 7
7 5 3 1 9 4 8 6 2
1 9 4 8 6 2 7 5 3
8 6 2 7 5 3 1 9 4
2 7 5 3 1 9 4 8 6
3 1 9 4 8 6 2 7 5
4 8 6 2 7 5 3 1 9
9 4 8 6 2 7 5 3 1
6 2 7 5 3 1 9 4 8
5 3 1 9 4 8 6 2 7
1 9 4 8 6 2 7 5 3
8 6 2 7 5 3 1 9 4
7 5 3 1 9 4 8 6 2
2 7 5 3 1 9 4 8 6
3 1 9 4 8 6 2 7 5
4 8 6 2 7 5 3 1 9
9 4 8 6 2 7 5 3 1
6 2 7 5 3 1 9 4 8
5 3 1 9 4 8 6 2 7
8 6 2 7 5 3 1 9 4
7 5 3 1 9 4 8 6 2
1 9 4 8 6 2 7 5 3
2 7 5 3 1 9 4 8 6
3 1 9 4 8 6 2 7 5
4 8 6 2 7 5 3 1 9
9 4 8 6 2 7 5 3 1
6 2 7 5 3 1 9 4 8
5 3 1 9 4 8 6 2 7
7 5 3 1 9 4 8 6 2
1 9 4 8 6 2 7 5 3
8 6 2 7 5 3 1 9 4
2 7 5 3 1 9 4 8 6
3 1 9 4 8 6 2 7 5
4 8 6 2 7 5 3 1 9
9 4 8 6 2 7 5 3 1
6 2 7 5 3 1 9 4 8
5 3 1 9 4 8 6 2 7
8 6 2 7 5 3 1 9 4
7 5 3 1 9 4 8 6 2
1 9 4 8 6 2 7 5 3
2 7 5 3 1 9 4 8 6
3 1 9 4 8 6 2 7 5
4 8 6 2 7 5 3 1 9
5 3 1 9 4 8 6 2 7
9 4 8 6 2 7 5 3 1
6 2 7 5 3 1 9 4 8
1 9 4 8 6 2 7 5 3
8 6 2 7 5 3 1 9 4
7 5 3 1 9 4 8 6 2
2 7 5 3 1 9 4 8 6
3 1 9 4 8 6 2 7 5
4 8 6 2 7 5 3 1 9
5 3 1 9 4 8 6 2 7
9 4 8 6 2 7 5 3 1
6 2 7 5 3 1 9 4 8
7 5 3 1 9 4 8 6 2
1 9 4 8 6 2 7 5 3
8 6 2 7 5 3 1 9 4
2 7 5 3 1 9 4 8 6
3 1 9 4 8 6 2 7 5
4 8 6 2 7 5 3 1 9
5 3 1 9 4 8 6 2 7
9 4 8 6 2 7 5 3 1
6 2 7 5 3 1 9 4 8
1 9 4 8 6 2 7 5 3
8 6 2 7 5 3 1 9 4
7 5 3 1 9 4 8 6 2
2 7 5 3 1 9 4 8 6
3 1 9 4 8 6 2 7 5
4 8 6 2 7 5 3 1 9
5 3 1 9 4 8 6 2 7
9 4 8 6 2 7 5 3 1
6 2 7 5 3 1 9 4 8
8 6 2 7 5 3 1 9 4
7 5 3 1 9 4 8 6 2
1 9 4 8 6 2 7 5 3
